767
300
431
237
203
861
909
555
385
21
347
159
678
970
5
908
81
529
677
413
973
114
754
301
380
704
32
686
241
324
165
681
806
198
41
247
682
773
163
622
452
902
800
941
92
197
361
438
31
160
396
928
894
54
744
262
731
125
883
546
516
284
948
311
975
91
224
539
14
11
156
102
614
882
411
424
404
245
606
757
418
988
365
597
582
329
392
874
978
124
933
25
531
631
837
387
498
282
107
655
395
776
321
409
83
158
263
942
564
472
698
465
199
487
195
370
826
755
699
9
812
337
763
87
551
339
878
459
362
647
79
358
483
891
949
855
925
845
417
998
348
727
930
703
785
792
58
987
535
944
852
272
317
674
824
394
386
697
145
636
905
913
875
935
75
455
231
923
13
926
769
854
302
984
514
406
208
501
312
346
493
219
443
657
275
474
122
378
139
200
853
953
899
508
838
15
249
183
98
341
318
621
518
35
965
354
123
532
116
811
770
955
397
969
991
69
260
166
153
865
167
85
120
446
273
537
839
126
589
133
71
127
747
569
250
934
332
888
986
709
496
782
242
307
517
793
816
585
859
945
105
276
512
630
866
319
422
76
334
912
369
202
51
440
42
863
676
323
227
510
738
484
338
65
376
293
919
429
36
39
494
491
644
27
966
910
175
596
322
936
52
590
983
357
784
2
400
927
753
187
779
924
315
765
815
436
238
53
520
372
719
45
772
134
692
151
650
480
947
97
850
571
1
425
113
847
16
729
956
326
445
389
977
672
61
720
297
877
511
70
84
229
869
289
721
468
390
209
72
629
244
451
604
680
971
572
463
914
552
848
343
140
481
40
739
420
430
939
540
967
416
111
466
577
964
749
990
594
823
48
44
403
952
377
490
818
954
328
846
384
736
624
549
47
433
259
808
711
157
414
799
419
648
560
149
363
651
592
67
609
985
714
89
580
957
871
645
962
663
507
901
366
110
840
553
24
258
23
693
285
178
567
920
810
774
248
492
881
548
653
104
741
860
252
929
705
374
342
355
576
547
101
637
117
726
185
401
505
136
393
591
689
170
421
182
78
734
615
359
215
223
626
336
349
600
896
60
557
450
561
623
225
706
457
280
849
994
382
186
879
554
217
497
100
906
506
239
213
388
950
524
611
922
669
868
173
115
478
398
568
544
281
890
509
513
352
55
610
190
402
460
171
228
911
550
633
625
634
654
95
833
432
523
88
536
819
993
449
287
701
453
559
959
204
469
279
593
786
184
118
360
475
299
521
997
233
979
49
543
616
486
246
873
441
226
327
189
426
172
573
743
467
798
661
620
665
479
161
764
638
618
788
194
364
791
688
768
740
143
192
86
581
943
805
325
817
38
578
857
232
214
188
485
762
93
473
193
666
690
562
938
8
870
164
447
345
306
602
893
444
542
607
62
715
10
829
423
502
931
34
152
658
121
724
795
980
515
588
477
794
940
243
830
801
381
563
174
558
191
344
716
789
976
412
907
841
313
887
309
750
831
963
68
999
222
57
707
142
254
525
295
758
760
783
240
314
427
982
916
842
732
270
775
442
695
717
885
599
437
379
261
181
212
106
586
253
137
141
218
613
439
728
82
632
570
234
918
461
155
691
889
972
796
274
33
269
331
351
723
56
206
813
340
530
722
7
662
587
790
94
495
700
264
256
500
992
685
147
627
534
462
148
660
742
131
29
574
286
207
373
458
921
752
350
694
335
303
974
150
961
30
59
43
862
771
895
932
652
628
584
196
130
797
820
266
108
132
371
298
129
456
503
283
4
737
619
528
533
733
598
211
642
257
809
828
28
864
745
643
730
880
814
872
673
205
892
64
22
712
981
50
545
464
20
255
915
803
958
235
960
304
917
308
26
277
671
499
210
787
844
135
37
751
310
761
735
884
556
146
608
488
718
780
291
294
99
538
605
802
356
80
876
996
527
822
713
278
230
96
471
368
522
391
825
639
612
292
937
220
670
177
702
415
995
162
835
408
1000
179
834
759
90
904
119
320
375
399
778
504
725
271
12
664
476
305
482
316
405
595
73
684
827
641
333
296
640
667
112
144
687
583
435
526
746
679
856
176
897
383
265
489
18
951
649
448
6
898
781
216
434
766
575
807
268
989
367
851
832
330
63
251
236
968
858
656
566
138
777
77
903
756
74
519
288
470
169
103
579
17
804
3
603
428
683
180
867
267
66
154
843
168
900
407
410
128
565
675
46
710
635
646
109
696
601
836
659
19
221
886
946
541
821
748
668
201
290
454
353
708
617
