216
12
353
157
146
910
748
167
933
73
172
768
866
766
479
945
837
942
983
55
988
110
789
780
49
476
8
293
808
863
520
179
538
829
775
816
533
351
814
534
256
651
869
935
449
128
892
127
891
553
551
305
106
1000
887
692
339
368
906
80
578
279
841
91
521
313
784
606
564
645
68
115
695
232
484
842
715
586
117
81
419
652
922
884
41
957
681
598
252
993
2
803
825
304
190
194
827
64
444
274
380
413
303
429
812
936
728
475
778
349
723
316
668
903
908
249
810
180
555
22
601
833
875
923
140
830
928
469
287
809
650
458
915
120
690
242
726
865
377
974
378
178
278
356
494
939
735
954
608
847
239
52
779
796
159
570
806
856
885
539
870
554
438
331
848
958
670
678
648
699
185
899
423
850
793
327
792
6
753
451
591
223
683
819
917
724
480
618
960
234
546
454
934
360
602
62
734
230
658
926
861
121
160
272
233
161
997
547
392
21
322
630
914
473
165
398
280
798
991
34
612
932
144
410
85
102
204
529
465
621
25
478
326
755
919
330
363
134
42
459
822
321
585
823
969
448
895
594
513
430
420
431
881
78
100
757
820
109
718
497
462
435
56
616
442
137
453
691
834
26
940
162
92
693
87
634
610
129
97
370
76
214
276
263
754
207
924
854
221
971
150
395
593
241
740
440
27
975
646
270
198
320
437
342
607
37
948
802
720
674
571
929
90
133
461
883
394
295
338
196
268
463
457
301
63
978
719
166
794
615
318
412
845
57
246
832
749
335
24
525
340
558
16
401
425
255
557
50
684
937
638
329
912
731
396
197
584
639
629
851
257
156
955
501
199
70
505
747
599
288
897
227
14
982
489
23
540
244
774
959
219
472
149
88
614
312
75
143
799
192
426
125
182
499
781
135
661
559
36
471
319
148
124
738
826
39
864
542
323
568
694
474
205
707
66
492
441
950
477
31
733
772
402
374
176
285
536
671
341
152
193
38
680
706
677
970
47
33
163
727
369
549
836
265
482
882
874
260
800
813
314
228
354
889
407
941
308
9
611
944
698
169
269
385
762
366
250
114
736
496
751
880
980
966
623
716
391
452
460
409
579
877
131
556
964
379
730
390
573
852
264
365
65
364
544
575
767
292
916
655
686
676
855
20
399
502
545
325
622
968
210
202
345
436
992
913
139
456
760
925
921
672
417
236
258
59
86
773
168
61
785
862
843
343
752
951
787
647
515
138
175
732
28
872
375
119
522
700
7
408
902
979
418
188
660
996
74
101
291
640
281
517
938
898
985
949
259
797
801
284
965
531
104
688
439
164
596
631
565
746
282
771
275
289
315
987
450
532
636
266
372
11
846
603
972
271
411
184
697
632
32
649
415
839
267
764
389
967
504
245
299
237
209
446
742
741
665
46
93
516
756
669
750
362
567
956
835
911
173
590
524
186
696
507
701
879
222
147
470
344
455
404
43
300
765
4
358
296
776
297
153
654
333
105
811
464
541
526
208
467
116
302
60
433
500
82
307
387
367
673
324
142
901
566
625
84
103
350
977
577
243
111
414
535
642
514
309
251
582
211
860
220
868
336
587
675
617
29
905
189
141
54
943
485
580
709
770
717
306
286
821
795
952
509
493
89
961
195
99
406
682
896
667
445
689
495
224
421
858
725
261
466
373
831
562
506
151
818
19
212
663
900
867
483
995
560
886
888
206
238
403
637
247
229
226
53
118
871
254
973
13
428
384
346
769
873
108
361
664
857
984
653
294
51
79
739
187
679
627
963
999
45
48
804
155
704
77
225
907
273
290
994
498
708
203
248
277
332
626
687
213
745
624
171
613
191
5
200
635
107
94
235
712
656
572
334
805
422
659
352
574
918
177
130
348
530
443
388
201
600
849
518
581
183
990
434
713
729
174
947
592
468
641
763
416
283
946
561
920
95
927
67
788
537
563
791
240
424
605
930
953
904
620
523
853
510
589
503
711
782
328
761
17
876
447
828
310
126
3
962
619
357
633
878
432
807
790
552
215
519
262
817
744
253
58
859
576
481
543
382
337
604
10
486
508
705
40
666
393
931
710
583
986
815
355
548
359
685
405
231
72
783
703
893
840
181
113
112
18
35
528
490
491
722
702
383
609
643
69
488
71
376
298
386
527
550
30
998
154
170
721
657
427
628
838
512
976
311
714
136
397
400
981
824
487
98
909
145
644
122
218
894
1
597
989
317
844
758
777
786
347
743
371
595
511
123
83
569
890
662
759
381
44
132
588
15
96
217
158
737
