678
2644
9345
9110
4676
6000
5620
8094
4616
6918
3194
9536
4887
3021
8231
2392
8318
4991
9407
3290
3506
9946
9621
8824
5036
1319
7742
4806
3323
4898
9177
551
1817
1515
1036
2987
5550
427
552
4730
6252
6335
9109
4981
2831
2887
6137
6710
1926
9880
7462
910
4753
1081
4053
4899
6667
4308
4275
5947
1900
341
4765
321
3838
2770
1105
947
5863
1640
2066
7529
8660
4431
4147
7068
839
1241
6419
8046
63
2220
3852
151
5321
8147
9727
4536
314
5977
7550
7115
1530
3521
7211
469
7649
1854
8933
6296
4596
8896
7014
1405
920
3919
1324
2352
3344
4757
1660
3080
8079
6180
8068
7185
3307
666
1564
2069
7249
3848
2763
8454
6288
7899
9034
7199
9310
1376
7137
8864
8325
4295
405
9297
6187
7996
1201
2213
505
7578
8951
6543
2765
1102
7909
425
2
1739
4754
912
4432
1508
7213
2746
3802
907
744
9639
77
1235
5910
4716
149
2820
1518
7239
8638
969
7287
9365
9764
4804
4376
8247
2168
8958
496
8798
4586
3911
4003
7794
5459
7373
9069
8385
7947
3257
2428
4925
9674
5221
2504
8847
1406
782
953
8921
2010
1828
3143
8689
5361
6480
3385
4199
4418
7651
4870
8902
9085
8840
8713
7538
8769
4934
5836
125
7718
3663
8962
6566
6933
1131
8438
8075
462
4556
2237
6882
2724
1759
7713
5793
1384
2271
7894
8966
9007
3282
4997
2868
4856
2726
9397
9400
1869
3832
2442
6229
4125
7779
5395
7151
8154
7697
3926
3250
8779
539
8478
1032
468
6013
3270
9233
4593
2544
7686
802
8975
6767
6547
8037
3020
8658
494
3085
9899
611
2326
6759
5071
6183
2883
6181
6312
7415
1710
1927
6198
8667
3355
739
7182
7653
3604
8848
9808
5860
6825
2057
6618
1060
2713
998
9864
1012
1520
3253
1295
2788
607
8084
7377
185
9214
4080
7104
2830
8407
4368
3452
4331
8924
2856
409
9638
6061
3938
8167
2628
3097
132
563
4098
4636
316
2681
70
6513
2058
4187
306
4489
9503
4895
7032
8062
2809
6293
3284
6552
5891
1073
6464
5674
1366
2546
5881
7456
3078
3688
9701
3987
3887
1154
4014
5964
2989
9380
547
3421
2667
7782
9316
8242
8108
5171
1863
9217
3671
4339
1061
2774
6386
5769
4652
1350
9496
1930
6779
9494
3342
8842
4589
2874
7198
2013
679
7334
5435
7584
2320
7601
9856
9409
4723
2961
6564
8949
8365
6323
8392
209
3436
7412
2660
1753
6156
6931
2795
2252
1804
3233
569
2783
8977
2238
6173
2222
8591
1915
3214
6421
9285
6489
6445
3100
6413
2125
6662
8744
3778
4779
4102
5680
9477
2707
9199
6838
9484
9371
9551
4641
9770
9568
17
8461
6762
2453
103
6708
5469
2436
8428
5258
7302
1079
3644
4682
5837
1818
8821
2197
9827
3966
54
8834
5031
8073
9777
8215
7712
5662
451
5600
756
6590
6049
7858
6036
8202
7091
808
4263
1159
4686
9993
8826
5044
2545
9394
1732
3276
5841
4824
1289
9968
9195
686
4118
5360
169
4048
8151
1988
1642
5265
9538
4134
4164
8460
6555
1524
9162
3339
6518
8159
693
1325
4469
4630
9312
403
222
173
5172
6768
9896
7094
424
7482
8792
5203
1504
9793
3870
6893
1288
573
5972
7150
1662
8685
9079
6663
6196
6276
4915
5460
5749
101
7808
7416
7799
2165
1362
5262
4689
5540
6482
3690
4545
7867
6743
4262
867
6576
2956
6813
8927
8983
9383
1256
8922
1122
2980
4172
4919
1182
4498
2878
9453
9511
6894
9944
5790
7364
1876
3369
6904
8375
7408
7542
1050
9543
7498
9465
8176
3861
3066
8069
5204
2812
779
7490
9739
645
3762
485
718
3062
1223
4761
9519
5727
6519
570
1591
7668
2717
2471
6640
6328
787
5987
8271
3524
5338
5288
1150
6460
3772
1574
9330
6067
9276
5144
4340
2960
1402
195
7828
5989
7788
9025
2047
2335
9557
2258
5342
1899
6955
2261
9938
9355
4006
6900
2722
8441
3915
6985
2796
2567
6741
589
5308
4827
7019
6278
9305
8110
2464
4691
3896
7901
6351
4332
6899
6737
780
9232
3553
5737
3673
1033
3958
1378
7780
8382
1558
5307
4702
9473
1506
3046
2819
5434
6242
2477
9575
9829
2147
1499
2192
4114
7052
1421
8883
2052
5072
2576
2170
7714
803
3720
9607
689
5043
3562
9635
2848
3455
2694
9761
1088
3366
9192
4448
3193
3223
3075
3483
5049
3620
6313
3969
6309
9230
6021
8291
3891
2289
7127
5189
3552
3836
2234
2661
8942
1594
6144
1254
8278
8014
1744
2991
1889
2483
3350
9329
264
7504
608
5372
8873
7409
2303
6014
484
6673
7949
4745
1740
8240
915
249
9507
3322
8484
5052
3472
5785
9652
4842
9618
8991
1445
9170
9087
1424
1280
7344
9867
2403
3866
2523
9566
3271
1153
4554
1847
8818
956
1320
1819
9451
2853
1463
3867
5646
4746
31
2469
4468
7662
2018
6633
2890
9073
2992
8801
6903
7626
3320
1242
8308
9169
8451
5414
4390
1357
4984
1950
641
5013
6706
2709
19
8768
5552
7554
4633
5588
4679
4062
9671
2424
3196
7636
1563
7825
3157
6502
6103
5273
517
6430
5116
8431
6239
2414
147
3133
6711
9833
996
5
231
6277
2295
6077
8035
3466
1656
7986
864
4836
9609
6509
6777
3589
1806
376
7741
9066
6140
3454
8082
5396
219
5929
1188
1497
8900
5215
2265
509
1609
7270
7769
2051
8812
5738
8338
2898
6533
8886
8815
7684
3894
2500
8235
5465
7243
4256
8160
2602
6349
166
5722
7043
2561
8203
9837
2085
4725
3099
6568
8465
2416
1738
2884
7571
6995
5708
1814
4176
1212
1657
7266
4292
8432
5175
6109
6164
6754
4961
4248
3450
1936
4153
5584
3880
8772
2673
7983
3576
9578
9605
1661
6315
3094
3332
2637
6929
338
92
5306
327
8795
5301
6027
6116
843
2623
7317
2016
9517
4017
7436
3607
2169
513
3531
1412
8934
1496
7564
9090
8386
2715
8703
1745
5362
3356
6300
1625
8734
6083
4228
6786
6855
2771
9686
9370
9437
3583
3744
8370
9023
1809
3575
1015
7605
5310
4076
3585
5927
5625
4142
1089
1265
8518
2917
7669
9959
819
2415
6885
419
6676
1816
6457
3627
5106
9346
7066
9916
8179
2653
1536
3601
5893
655
6362
4011
2082
4683
6461
7622
1533
8694
1255
5093
7148
2990
4084
5450
5635
6526
5263
9915
7969
5145
6497
8070
8106
2090
2827
6605
7336
8575
3923
8125
8666
5092
4384
9960
6666
5875
6680
2355
2256
1555
6368
4113
6303
6426
5848
3540
9615
6703
9222
4957
792
26
7492
6890
873
753
1113
6424
4571
7930
3109
6731
5150
1447
3634
2497
6105
8729
3419
4252
7398
9277
2734
9921
2227
3
2778
4072
3995
1099
2341
4086
9889
4200
6674
4966
8378
8445
8371
4868
692
5804
9788
506
1914
9328
1833
1360
7034
9903
5904
9131
4815
6976
5476
8268
202
3547
6815
3089
9631
7107
8698
7453
1735
4051
1035
9071
897
154
1379
9871
7500
2695
9640
1510
2893
8655
1624
6217
8646
9636
9656
1571
7515
1470
524
3784
8286
540
375
3425
2382
3546
3475
6474
3626
9224
9723
594
2614
7179
4266
1769
5367
9065
1987
4141
3942
5899
515
5055
5427
7851
9220
5889
9454
4794
4108
6824
6864
5154
3015
2535
6150
7393
3275
1054
4083
6951
5995
8337
5619
1568
6972
9530
8669
9476
6024
121
8974
3979
7474
3954
6818
8135
4770
7136
3353
3434
7209
4362
187
1805
6558
9645
4817
9527
4293
6597
3093
7187
7863
6194
8020
8978
5285
4223
9560
1985
3996
2218
178
4567
7227
5711
1296
1137
8078
1322
9411
6984
5110
7326
533
6607
6592
9319
2111
2245
7818
1115
2389
1444
7501
7288
8244
1596
4333
1077
416
384
7
8901
8558
7065
595
3948
5906
5001
2508
8350
7674
844
1117
8467
909
6363
9790
398
5866
2906
7352
6494
7130
3824
3393
1647
7937
4519
9005
4415
1171
4510
9301
9093
2976
5369
2353
7625
5417
4874
7418
4710
4470
2663
4214
4219
7702
3711
8956
9653
1457
5868
228
3714
8961
216
1542
7865
5506
8908
4215
2294
2431
5294
984
2617
1011
4090
6910
1307
5433
3464
3909
4963
7836
7406
5191
730
294
2849
6946
7103
625
8965
5689
8618
8611
4684
296
261
4117
2779
3308
812
1875
4928
9757
4092
1934
8347
5563
1677
968
1932
9818
6236
9238
2720
3570
1820
3136
6504
965
3971
854
258
2501
3112
4310
9952
4672
8245
2966
4013
4795
4464
6863
9995
9157
3888
1582
9624
9159
8566
6201
2828
1548
7005
5429
6861
729
2591
3931
5928
8543
9599
5317
6290
5614
6755
885
8957
995
7632
6223
4885
950
373
2806
3014
9735
7999
239
6446
5313
5183
1095
960
3945
9989
8525
4353
4035
3837
7322
5047
9688
2962
1204
5228
6462
7183
41
8319
8421
2834
3581
8576
6297
3631
6496
3611
2690
3266
5096
4345
921
8148
8132
6347
2486
7389
6783
4619
4706
6577
2641
1729
3041
2064
8368
7789
3991
4741
1142
697
7624
1808
4726
9324
5640
8283
5637
6942
7656
8267
7196
2235
357
796
3102
7848
7586
3337
6914
8282
8748
6941
3826
5554
7963
7677
1053
4484
9463
9873
6331
4120
6155
8343
9349
6712
4932
6104
2363
6017
270
9866
2761
8180
37
6179
600
5140
204
450
7637
5572
3868
3916
7546
8442
7118
5787
5622
2033
1998
1902
141
1897
9816
633
3352
4203
8944
6993
3176
4609
8710
9695
5271
8797
740
8817
9136
1776
7372
4737
5502
8388
8344
7738
6883
3710
10
6724
4193
5151
4551
8683
241
2188
8534
928
1831
5514
8422
9520
8597
7093
3789
329
6364
3670
2195
3951
6437
4273
1375
9844
9479
1433
4951
6311
2276
2974
471
2065
2647
2124
2649
8426
5388
2244
793
4560
5829
8784
1788
8687
8197
1867
9149
2550
3603
6799
658
4681
3211
3946
4531
7303
9884
3055
2166
2922
606
1016
7815
9734
4530
857
7300
5536
7900
3740
7931
6387
6415
789
4274
5466
837
2272
1371
4395
5874
8531
4285
1603
1913
5033
5766
7113
30
4570
4602
2988
2913
8905
9176
3980
6405
379
8528
755
5523
6476
7496
5602
4304
3840
9011
7869
9002
7347
9304
9806
9541
7111
9754
8104
8585
2580
8973
106
491
410
3128
8274
7460
1059
7077
8248
2357
6545
2461
2019
2317
7383
9218
1486
1083
765
8746
632
927
9895
7421
9970
4658
9018
4766
7880
4955
1209
3814
8634
9467
3049
3218
2001
1422
997
2807
3051
2629
7164
9783
6282
2297
4260
3334
6253
2939
6044
7642
68
9367
8064
434
5334
1138
5770
783
5344
1345
9058
6056
8222
7240
4580
986
6101
4599
6327
4521
9134
699
7358
4506
1912
4380
6983
2871
165
6357
2061
5812
8227
5515
3219
4550
3558
3625
3178
4404
5381
343
336
8040
2940
2710
8657
9850
4403
4167
3456
4994
411
9918
8918
3079
5157
3736
9067
702
5345
9076
9398
6429
9603
44
9957
1639
3993
6994
5579
8311
3465
3263
7972
9396
9118
8326
7295
1071
5532
8157
721
8118
5260
3017
6876
388
8653
9415
9008
4555
8757
7574
7619
5214
7562
7829
5605
4972
6473
734
2346
181
5978
153
6945
6406
575
9678
5951
1538
102
3327
8542
9614
6901
8260
1611
6095
1273
124
1501
5724
7305
7527
8723
2633
5449
3610
4277
3264
5644
4186
9773
4059
9253
9905
3279
7502
1835
1214
5421
8472
2549
2128
7850
227
8262
6365
5693
6248
1247
8854
565
7989
268
7991
2995
2730
2904
365
4416
5905
8383
2583
6989
276
2824
5017
9795
9258
5087
1971
331
8699
198
4617
3904
644
3400
7061
4183
3346
1800
3933
5709
7917
3177
9000
3076
9091
9927
5842
2251
8039
5411
4133
4327
9256
771
6588
9491
9458
9900
4315
5701
2592
1047
3220
8807
5022
9751
5723
6218
6425
9049
8916
4408
3316
1227
1448
297
9632
6139
7346
8332
7590
4472
2452
4249
4237
8844
9526
9657
33
6961
7172
9099
224
9139
543
8201
7051
4291
8619
9100
8845
7276
8541
8593
7975
4091
574
4875
421
1450
5074
9708
5282
2020
2520
2572
922
790
1191
8238
3811
6411
2229
7311
6949
1692
9702
5456
2345
6751
1860
5051
8793
9094
957
6641
8641
5716
8993
7306
5080
6254
8358
6877
9255
5703
8088
1620
8647
3623
7117
7857
1815
8427
1615
3034
4330
5560
4355
9054
1736
6549
4516
5757
6886
7908
62
4479
463
7809
6498
1832
6965
3417
7957
5729
9030
5774
1020
8016
3597
455
7845
7688
3573
5491
9151
5591
40
9917
2835
2300
6176
6259
4383
47
4490
4298
1148
7785
2885
2343
3790
6432
9322
2167
9081
7207
5243
2768
3902
5458
738
6281
493
2340
5937
9063
3054
2479
8074
8327
2536
2951
3758
5131
4111
7597
6635
8394
6374
9290
3907
8688
4942
2529
312
9074
6272
1328
5386
5166
6015
6053
8733
6937
488
6626
4423
9190
5789
9584
7513
4491
4891
7856
8259
948
6902
6508
4476
4834
5430
5825
9424
3302
1844
4532
7964
290
8809
4116
7206
599
4960
8538
3023
9581
8759
6073
342
6016
6698
7333
6953
9740
7847
4914
6682
2517
752
8423
650
5992
1903
5570
2025
3683
7804
1539
1666
5158
6004
4020
3704
1369
1229
7258
5447
4504
1713
5252
1505
2655
256
9270
6404
2012
726
2873
9649
1423
2826
6881
1901
2103
9792
2040
2348
2059
3841
4173
3349
3662
2339
7977
2315
6823
4354
1784
3864
1321
1263
1622
6348
9171
6546
2686
7650
9155
6742
1250
1943
3962
2035
1861
3397
706
1098
8181
622
9854
1748
9172
5089
5603
8888
1604
6346
1200
8055
4828
5609
9619
5394
1103
5946
2740
212
1697
1330
694
350
9490
2367
2246
8605
142
192
4760
2441
9128
1283
5582
8741
602
6693
6403
4473
1441
96
6295
9847
3883
7489
9279
7355
4980
7884
2590
9861
5894
6299
7693
1607
6449
7981
5180
6211
3190
3775
4687
7665
2372
7395
3205
8102
1543
560
7129
5991
502
2797
8724
6511
9758
2159
4450
9725
8143
5939
2507
8686
8602
613
9097
7920
5015
5531
7419
9060
5339
1587
7233
1679
5533
2738
2889
7866
3036
1621
423
4348
3885
8889
9242
7316
7676
6057
2773
5492
2239
2727
1654
1959
9862
4569
2847
5463
6382
9585
6169
5876
8116
4413
9386
1881
3950
6454
6012
4825
7248
1205
8915
3820
6268
5011
5019
6727
5219
4145
7286
2782
4764
2076
7015
1326
3258
2158
2994
3839
3044
6238
7611
7639
2386
7250
1743
6585
3974
8829
3328
7716
4524
1221
2179
5604
9563
4703
211
703
5679
1130
7097
4154
4025
9524
4640
3695
9200
5673
8613
6250
1156
5862
6948
5391
1215
3804
6465
8876
269
856
6094
4953
2321
1147
4845
5901
5455
5135
8072
8663
7878
6862
8399
3798
9919
5615
7020
941
537
5791
3070
5936
7952
1605
4564
785
2907
6018
4412
4036
3806
1133
9013
9961
3514
1196
354
2370
3289
516
4990
7038
5012
7365
7838
7948
4975
368
9429
5086
615
888
8682
4286
5117
5698
2731
7569
2701
1231
267
5914
1884
8709
9872
4727
982
2177
4462
4250
5225
4954
7879
4486
1778
6729
9502
7251
5365
8633
5736
6795
8820
8303
2154
9680
6269
9948
2299
9015
2433
3251
7092
754
6470
5366
7778
845
1957
8574
7870
4647
2598
3424
2775
6734
3297
9802
9460
7704
9879
5965
1007
8419
9326
1359
38
1786
5137
3090
6650
3267
768
683
8919
5005
8823
1521
9318
5623
2292
4670
9730
9455
1712
4611
4977
1829
1648
7290
5464
8059
7120
205
5289
6166
5473
4989
5993
5398
5534
1415
5002
1688
5856
15
1694
2817
2070
5884
1526
3602
6285
6868
8745
7897
6906
5467
2745
4535
1427
3373
3624
8009
6677
1502
4126
9382
4397
6488
5268
8565
3441
7002
715
3572
9055
7654
9719
1585
1259
5924
8391
5023
8833
1063
5283
5907
5869
7225
5568
7076
36
7114
134
7648
7017
9992
9283
8017
994
5341
6090
6739
9422
100
8639
6928
7557
5223
2062
4559
8109
4969
7627
7203
8417
1851
554
3280
7384
7824
3773
3749
6752
5688
4669
2380
6344
6889
5211
3371
3646
4208
1483
4460
675
7039
2645
8668
4488
1264
6320
6845
2578
773
2977
852
7768
8861
7189
6342
3745
6657
4851
2215
9694
519
4100
2444
833
3901
5330
1388
5387
1859
8050
6367
6026
214
1434
8732
8806
7070
1052
5198
1164
6226
2425
3474
1303
5754
4974
8241
5253
6291
5700
9774
612
6744
2586
7953
9472
5539
4665
3422
3675
3844
7142
7679
159
3567
3906
2074
1567
7042
1459
7549
5102
7122
1514
5065
6089
7938
1211
2762
3543
3555
444
2958
4499
1693
6046
6284
351
2642
1614
6804
9272
7898
8128
649
7348
3637
7411
6487
7484
5574
6383
1649
4438
6440
7888
5638
3732
1979
4329
283
9891
6377
9303
5567
1465
1428
9588
5627
583
1684
3113
5544
5855
3126
2804
6271
621
8313
1933
9499
6843
5629
4612
7675
2030
2113
1795
4241
1898
6373
9112
5404
7145
1489
4447
3550
4699
7708
8715
3056
3571
407
433
6766
6279
4258
5193
4605
8623
3254
5719
3390
3898
881
7121
8056
3765
2532
4912
164
3333
7219
9912
3160
1951
8112
452
4967
4024
5517
7759
5206
6968
6030
4534
5530
3943
3666
6986
6503
8239
830
5045
5817
2658
5227
788
8496
1874
917
2117
5209
5132
5546
8263
5778
3717
1911
6907
1106
3532
8578
9976
2634
9554
1353
2579
5920
6162
8396
6930
1608
6484
9676
2599
4023
3285
6467
6694
2120
1149
5815
7223
9698
798
4398
7694
5327
6525
4940
6070
7329
2865
6820
974
1082
3360
9486
4553
1843
2930
6611
4956
1356
7444
3131
1941
3098
988
3813
5207
2149
1966
6642
4902
8030
7234
422
7775
245
6110
8387
3613
8434
4709
6375
3169
313
7558
1443
14
57
3032
3490
1340
5163
2813
4323
355
7786
2119
4581
8277
7177
131
7596
9664
8206
3659
3096
1619
8609
6987
2563
6623
7979
6934
9550
6283
2881
10000
2693
6705
9204
7096
4748
6553
4908
8136
446
3467
6595
7731
6807
3999
6936
5462
1165
2280
5672
4752
7486
9681
1146
7752
7528
1189
45
1451
1055
3721
5772
4549
1803
4451
1773
9913
5828
4351
4360
2729
2798
763
2046
2354
4678
7709
4027
4505
3372
5859
9943
8156
5639
1641
7167
9590
6960
8210
250
8482
8627
1672
3959
2858
2438
1570
4421
851
8563
7144
4162
4736
5867
7000
3351
8224
8843
9697
9249
5232
5575
1946
5808
2115
5505
6134
3590
2298
9261
5257
6409
1836
8449
6308
2814
6625
9311
8023
4771
4780
7994
849
4008
4445
770
9062
3363
6306
5915
2349
5962
2489
7106
9951
5569
6608
9209
1220
1801
5935
8411
309
3712
8153
4861
4552
447
5210
6538
5982
7927
3260
4600
7313
6441
6524
2861
1245
3725
8504
3240
1598
5351
7090
226
9115
345
2313
7146
1905
9369
4402
218
8560
4503
2457
4341
5559
869
5084
8516
6851
7126
5328
7342
7425
8561
6400
145
2945
2559
2009
5105
110
3582
9691
7939
9800
2023
2568
2421
870
3952
7647
5566
4884
4394
1414
477
8390
636
7796
5599
3879
646
3851
4302
4444
5740
7454
8763
8216
6420
364
7692
6849
3756
9663
6586
9266
526
9809
838
5453
486
9540
1397
9035
1928
510
4485
2493
9235
9744
6531
4796
4026
3185
5558
4377
5694
3964
7556
5319
404
7929
797
6782
1589
1161
1682
4336
5762
7819
9259
5520
7021
4217
7081
9552
4389
1401
1111
5418
6321
1955
9670
6385
6580
978
2356
6066
5075
8012
2732
1583
1398
5007
3038
664
7162
3082
3876
4301
8223
4985
6119
9983
4986
2017
1252
6185
2689
4381
6353
3231
6571
3556
2728
6719
4627
9120
1824
3209
3921
938
8938
5858
4322
3600
3917
6810
4283
7910
3259
5008
2409
3277
7161
6581
9434
6214
4442
6681
7762
2857
8481
9102
5187
6216
7724
6997
4685
3124
6167
8265
8681
9478
5090
1218
1482
5608
7159
911
8645
4557
495
1002
3713
4107
9442
3278
3809
8433
3989
2685
4128
1476
1853
4931
6958
8875
2528
7475
1511
6802
8728
3825
8648
9306
3641
1276
91
3243
1525
7822
5483
9958
7294
4518
4941
3471
4588
337
6477
6120
6639
1481
9165
7296
1879
2947
8736
6769
3246
8555
3387
2455
8731
9562
8469
9556
3122
8418
8053
1381
213
9145
3007
2784
9887
5216
8932
7795
8659
2153
6172
6660
3026
9999
3449
9513
9962
1628
5792
7178
1947
6084
9843
2031
764
2055
6816
879
8551
5428
5675
138
5745
8003
2366
2223
5091
8076
6192
3406
8972
5645
8448
2269
2800
2616
7191
1282
4213
7540
9056
7735
3629
1341
2537
7537
6647
2054
975
3892
1057
652
4284
5557
3158
9082
6921
5316
1888
4818
2823
1239
7390
2615
5375
4182
7171
2259
9229
5355
4590
3224
8598
8691
2175
799
9981
1629
7921
3033
415
8359
9801
9188
6675
449
3578
1546
8996
6567
8799
9659
417
875
5235
9196
1921
3401
8001
6459
9834
748
163
6392
9504
8067
4945
4739
2182
206
1404
5255
4732
7041
2562
2163
5200
1210
6124
4799
3324
408
7748
3210
1044
1722
9897
4946
7133
1097
2968
4452
4705
9026
99
6606
2744
6438
8324
2003
7635
8095
4837
2785
5746
8317
1595
5482
9089
3771
5776
8684
298
9321
3432
4976
4189
2704
5800
8519
9561
6943
5299
2595
2290
1868
4762
8297
4790
3817
520
333
5169
5111
8191
3507
1313
177
3459
1383
6394
4784
2231
5170
835
2133
3633
7852
2172
3294
4226
2564
813
3699
4768
7950
3882
1978
778
1575
8169
2915
944
6478
635
1671
168
9882
6240
3777
759
6408
7359
9731
7055
3512
553
6867
5484
1757
6860
5948
7272
2519
8680
107
1617
95
3201
5078
4565
1976
3117
2792
2624
5027
8126
479
203
4937
473
6973
3482
6195
1634
8285
3318
9810
1733
8100
7479
5438
9904
3801
7918
6707
4562
9184
5586
7301
7841
6416
8440
7792
1837
3858
140
1730
7253
7013
3678
2036
4319
3272
6163
8761
1631
7381
4783
2842
2032
4148
94
5542
8066
2526
4800
4326
7499
5040
4713
8612
3252
4240
7152
9817
460
9613
9703
7936
7087
8910
1741
2071
5079
3649
1072
9732
1446
2342
5628
2553
4043
6572
3605
387
6146
7429
497
6417
6539
3442
983
4791
2395
9046
9105
3956
84
9164
9485
2911
9762
9251
6266
6915
2698
3245
3064
3803
8513
821
4365
426
3505
9902
905
1187
87
1794
6645
6672
4517
392
9358
5340
6247
4103
4453
6831
2926
8080
9141
1885
7134
9401
1581
5444
2514
1004
8649
6771
3484
8129
8739
9332
604
5813
9039
6237
8493
9746
1013
1426
906
8720
6145
4929
8810
7220
8293
2376
244
489
2531
8184
4575
5401
1435
3599
3299
5845
8894
51
9797
1000
5279
6853
9791
2107
1361
3591
9101
2985
232
5902
1474
3823
5006
2506
5618
4012
4508
676
1003
2482
3016
3805
800
8871
578
4933
6532
5847
2109
430
5236
2548
8459
7667
8401
8470
728
4010
9611
1249
4889
7906
8363
5849
6998
9855
7747
8959
1219
8473
4566
7132
5402
5114
4130
4544
7402
1554
1145
766
1085
4005
3785
6659
6009
9064
4788
6652
7259
1226
9955
5752
6275
4366
7876
3609
7184
4735
758
1416
6143
6797
5732
1152
3636
5479
7531
648
9024
2946
1827
8026
5788
3358
5702
6068
4465
8766
7283
2569
961
6521
8103
143
1318
2585
9061
7455
5838
9892
9441
3830
3781
4234
8735
6234
5126
6258
7548
8404
2793
7835
8802
4935
3983
2859
2608
8923
5113
7683
9648
2522
2905
6153
8121
292
2394
9274
3335
6338
8495
9718
4802
7505
7946
4267
441
7007
3539
4063
7323
3345
4405
2374
2903
2360
8571
6750
3037
5912
2254
3510
2155
4269
2978
5376
7737
1590
6535
3807
371
8651
2176
4188
6471
4222
5925
8692
8899
1049
220
3816
4131
8096
4316
3142
9474
1683
1078
4440
5658
4807
2116
5041
8644
2912
4296
809
6964
1222
8690
1493
7896
1107
5181
2555
6859
2350
4328
7966
8554
4136
7001
9512
2957
7324
2682
1929
2799
2492
5657
1475
137
5046
93
3295
9456
7544
3963
4718
8714
8971
1124
9187
5333
5950
9017
4370
6301
4871
3121
8727
1392
990
9683
9838
4696
2144
3357
9183
122
9780
5195
8204
3183
5098
2910
8870
3003
8345
4201
3101
2152
3616
5887
1961
7439
2157
6273
3380
2603
8831
3228
680
8161
43
2723
7573
6740
5864
7955
4033
667
5325
8539
8296
6947
3845
5721
6856
5304
5897
3164
4294
5503
9124
7307
9669
4797
2932
5324
3195
3727
8816
6243
5128
775
7862
7026
1018
4088
8880
3612
7280
2430
1779
4428
5822
6286
8
1364
2307
6774
8695
7572
817
1796
4463
4677
8550
2547
4514
7961
2448
5379
6001
4513
3975
4962
3863
9335
6133
248
2533
2379
4579
5970
8483
6822
9314
954
7215
4050
8869
3110
4280
6452
9236
536
889
6836
7108
4185
7997
7926
9364
8189
6792
9143
8600
2068
4410
9711
4538
5050
3376
2862
8967
8897
76
1838
8044
1177
955
8909
7394
8233
1789
708
8414
6033
7652
8878
5277
5297
9179
4287
1041
9356
8990
9767
9975
8654
2351
5851
5710
8330
2334
7868
5155
3067
3286
6490
4886
9508
4309
7916
9158
4578
640
6043
7495
732
7663
2611
1119
9580
6880
3719
2869
8764
1968
2205
5028
5038
4635
1636
5871
4922
4667
9974
6126
3739
6587
361
1180
1728
453
2440
3059
9934
4361
7403
4906
5095
5298
9374
1248
5348
6991
9883
8786
406
6128
9782
8500
9595
4660
7581
8509
6516
1253
9107
3030
2097
9495
4688
1086
3529
3139
5798
9447
865
3792
8839
1260
6035
5930
7821
5681
4501
7140
367
1552
6011
9331
5761
2706
3261
1143
3981
4982
2687
7046
9206
1597
9587
7285
223
5025
4694
7459
3343
8603
7985
5272
4993
5275
7629
8828
2160
7672
5100
3560
1765
4728
3741
8989
3992
5101
5643
9452
4533
980
9998
5765
3137
247
7100
3874
2609
5616
6225
8494
7049
5133
2916
8670
8885
9003
1125
9737
2463
3179
9033
7520
3303
1855
3389
6023
9126
5903
3965
9646
2142
5826
6573
8926
2841
908
1705
9245
7427
9313
820
2369
4813
4947
7844
2700
2127
5521
9775
8950
9544
9755
7433
674
776
556
5445
9865
4290
6758
6483
5880
710
9450
6565
9342
7834
6360
8052
8582
7583
3156
4873
3004
9794
3930
9939
5176
9287
6798
4192
85
2266
4288
7690
6302
5835
9870
1066
8913
2000
8948
7830
3394
4911
2556
3187
9237
6897
7781
1990
7057
5734
3265
1747
4455
2108
1699
804
1528
8945
2838
7284
762
1714
1163
9052
5715
717
6050
8051
7889
6938
3734
2737
4654
2677
7269
4169
1240
722
5062
459
6753
5660
5254
3831
3635
285
2390
9509
2718
5589
8237
891
9738
7485
5073
6231
6922
8549
6381
7048
6875
5312
3557
4769
370
2794
4747
6805
7817
1551
8749
9403
7242
8424
9129
3742
628
4594
916
7763
1123
1456
9493
585
7188
5549
9815
9050
1495
5097
9203
7784
7711
8379
4425
4466
8614
180
5250
6784
6537
1198
4582
993
6604
8290
4867
6230
3234
5082
3517
9257
7773
4607
4558
3509
3800
6305
6892
3913
7256
2285
9637
943
9869
8280
2882
6378
5717
7330
9832
2815
4122
2161
7940
2260
9582
9353
620
3414
7992
3760
3968
34
4527
1454
8105
2863
2524
8463
4591
949
5641
2678
9072
934
5898
5883
9492
8587
6551
3105
8258
4132
6501
6500
3743
5632
1331
5233
6350
2979
9392
794
4577
6499
3458
3737
8781
9654
280
4573
5932
5220
6184
3377
6135
9709
5415
7568
3068
3791
7616
1014
4756
5208
719
5832
1577
8837
8858
8557
3860
7128
2574
8033
3994
9528
3155
566
3548
90
6787
6079
325
289
4004
1670
4522
483
4235
4738
5779
3729
7753
8186
4500
9898
1169
207
946
9225
8430
1129
7027
6298
2422
7119
4096
6617
2426
2472
3423
7060
1141
2267
3287
2593
4999
1335
8119
5940
1233
5771
7064
8415
6322
529
2787
1981
5922
377
2447
6354
7059
9803
2600
8406
24
863
3413
2098
83
3797
3689
9558
8107
8335
9420
5626
8010
9743
2284
3903
5886
8954
9121
4892
818
2191
9534
7951
1969
7787
1848
8992
1034
9602
7591
7721
9043
9338
69
8141
3859
1970
1037
7424
7553
7457
3347
9651
4406
4695
1472
6232
8652
2511
1395
9009
6390
7392
737
6835
3654
7229
2696
2249
8196
3239
951
6469
4638
8117
7292
182
3899
7370
4971
3481
7746
2171
1173
6434
9933
8264
6992
4786
1158
4995
2963
2832
7534
7507
3584
282
7695
6872
2327
4137
9914
278
6748
2541
7244
260
1040
8158
1691
5786
4778
5687
825
7895
2741
6414
4180
334
2364
9949
1315
4731
7933
6384
791
7158
6080
4205
9445
4494
4458
5099
3681
6063
4515
2670
4230
9430
4112
6970
4970
4221
3379
751
1513
4540
8376
2423
512
1980
8622
629
6433
3151
9796
1135
4781
135
6431
5413
8336
2462
5026
8562
4613
7458
5231
9264
2072
8397
3446
7592
4065
7750
4143
2938
8150
1410
6058
8408
2150
1562
9333
4344
5336
9642
8776
1093
5571
914
7277
5246
1382
8716
2467
4184
3104
3411
139
8719
1523
3655
7247
7758
1001
12
7343
1151
7098
230
7854
1042
5953
587
1610
1238
6574
7447
1080
1157
3527
8232
5164
8985
7428
2558
9841
5597
3009
6246
2306
8341
3227
5186
4209
2867
3001
6085
1452
5921
1527
8013
5303
8855
1317
1517
784
2371
9273
4615
2551
150
2654
2468
6612
1623
687
1462
1986
7813
5377
7201
2112
9760
5335
5457
5390
7003
1746
2134
2702
5969
2597
1850
1579
6233
2955
359
7610
7978
3877
5490
5173
9786
5956
7552
5270
3348
8301
3783
6264
7224
7338
158
9881
9634
8596
5748
8514
4959
8049
1494
6148
2049
262
5000
7069
7194
2648
8413
8907
4787
1681
7594
2494
4597
3487
1952
330
3050
3780
1278
5913
1203
4373
1701
8175
6811
5642
7598
7264
9416
7563
868
7717
2092
4675
2565
3451
3544
8171
363
1458
4342
4119
5933
4846
1039
8998
7255
6919
7657
472
2543
8316
9417
4711
6733
8540
704
4938
16
4610
9152
8637
7587
8577
2466
767
3047
6603
5039
448
2401
1333
391
3053
4124
1267
736
480
4038
7503
5311
2126
1
1706
3291
1750
2014
7914
3241
1503
6721
4054
5634
8767
4759
1178
2499
5595
5949
6627
9372
5810
795
429
4067
8479
9059
6584
6939
2668
1091
9248
8007
7555
4168
1021
9114
7089
4948
1377
6210
6709
6837
8209
2358
7971
255
9281
9906
8236
7980
7407
3990
3152
4078
7321
4099
414
7218
5267
5261
284
7588
3640
8435
7512
4246
504
8753
2089
8946
4165
9733
6615
5678
3944
8226
3340
4435
7190
7011
8943
6725
8544
4520
7506
9736
8360
4159
6453
7222
4901
7268
9088
2411
671
8221
1466
8230
1993
7890
7832
4400
5108
6402
7671
6888
9010
7726
9553
9549
2067
5966
3311
4068
9408
251
3815
2406
7197
6235
3728
1372
2004
5918
210
7846
919
8911
7063
9497
4179
6668
3618
8149
1370
8403
6361
6188
757
3849
8783
3596
2365
6006
6370
1725
5320
714
8835
9851
1678
7214
8213
397
2767
8144
5607
5326
5971
3579
46
5934
952
3405
9997
3081
8134
7488
6200
6493
6399
6326
332
4880
4801
6720
1768
4363
9168
8960
3871
199
2515
1887
4734
4457
4539
5020
8903
6628
4198
2542
188
5199
208
2969
3687
5870
4443
6760
5487
8254
1136
8984
684
7410
3236
7086
4546
5229
6578
5056
1389
6515
2293
2186
7623
2866
500
4204
6042
2577
4430
6086
1170
1909
7351
8111
9860
8872
9027
7982
2997
5725
3386
3986
661
637
8476
7154
7912
884
127
2935
5818
8005
9571
6827
8661
2582
2309
4151
257
3162
933
5323
9012
3213
3676
7707
4242
7905
4808
1301
3893
8243
2621
243
1906
4171
386
1754
8065
286
2385
7252
9579
6636
2240
1234
3664
4233
6136
8630
8567
8704
4833
4461
3566
6093
8381
5291
1663
2918
3189
3890
9113
1561
9616
2606
5878
7734
6745
2193
772
6495
3592
6177
2864
9947
8665
6447
1544
1029
1305
2924
2368
4337
9779
5846
7153
2281
9839
8015
3724
6582
5121
2456
2638
1991
4729
1870
6704
7400
5280
945
6117
111
3977
6428
7379
939
4015
521
4862
1101
1975
6814
8941
2045
8127
8455
9620
5967
4528
7056
3248
6081
1304
2202
7079
9529
2136
3087
9459
229
6190
9440
23
5269
4927
4367
4347
7874
902
5069
3125
7743
3639
186
4264
4881
7035
577
3341
3504
458
3235
673
4657
9219
9984
2263
2458
9890
2870
3660
6193
7387
8671
4439
9309
1687
2491
657
1297
1058
9489
88
2725
4202
3375
1960
9147
4568
445
9339
2554
2575
5555
4943
8163
4231
2432
3525
1216
3247
616
8234
2810
4459
7391
8328
977
9216
8572
2198
1429
9586
7523
339
2757
5451
2419
6485
3141
5621
6624
8874
3551
7078
1791
3520
1849
3255
6619
1690
4032
5801
7147
8113
6204
4949
4930
9979
53
1028
929
1094
4587
9004
2434
9821
3132
6157
1917
3978
7960
4883
9682
6422
2388
900
3988
596
3430
6199
6658
7437
2934
5443
4964
3321
6439
2026
4708
4195
9427
4104
7593
9617
1645
237
1760
3982
7944
5803
5018
360
4894
3643
9373
3706
8527
1780
7566
9647
4391
133
1373
6388
9078
2291
601
8225
6562
8041
716
5119
389
454
5374
8362
5524
2485
9307
4156
6115
6244
8552
3296
2941
2735
8021
7023
6160
115
6472
1580
3606
2538
7472
9095
2135
8836
2143
9980
2204
544
8675
3383
1823
4218
5811
4474
2060
1775
3331
498
6355
6376
9819
3833
2460
9173
9570
3936
418
2646
2301
7882
1578
4190
6736
8583
8856
59
1400
3489
5990
5819
1841
9822
1668
8355
5343
3545
4879
3381
7357
3140
4864
9483
3614
9083
7231
7802
4422
318
2640
3453
2122
3925
1069
7777
7767
7320
853
6589
7360
558
9501
5945
9146
9859
6990
4034
8214
5488
7267
8122
5353
6039
4926
711
4950
1190
3367
3091
2021
3018
4028
707
4767
1895
7998
2228
7491
9658
4358
5617
8142
9823
5061
8187
2879
8464
4317
5795
2672
6182
6215
8192
3457
7443
2178
2699
8790
3829
9418
7371
5014
4150
4093
576
7699
6206
6122
3709
6294
7054
3723
3534
5601
8679
7875
4574
7682
6486
5908
1308
8756
2027
8825
3310
2909
9778
2766
9567
701
883
9591
1363
8573
4601
3593
8787
8036
1616
1963
9753
7273
4844
6178
161
8287
1871
7973
8305
6358
2015
8019
4407
4724
9814
6108
4673
1593
2759
3072
3701
439
9395
5397
9532
2078
9650
7837
834
651
7105
8253
2825
9359
4393
4254
8895
6343
4429
170
5782
2402
7125
1652
5656
9480
6789
7744
1708
8349
3217
964
5167
2802
6908
7603
9665
8770
9123
590
6978
120
1939
4763
9317
1908
3184
5295
5938
1368
58
6130
3368
2243
308
3354
3786
7883
7892
4303
7180
3468
9243
7728
2473
9132
518
2919
7173
8060
197
9053
6638
8474
4663
6345
8164
2209
2435
9574
2894
6622
5976
6630
1821
6267
4987
9535
5518
3469
1342
8625
8765
7508
2594
3473
5251
6962
2733
9389
5764
1279
542
4632
281
1176
1954
991
8200
6451
3774
7318
9684
5981
9241
3370
2008
665
8198
7080
3460
8498
225
8412
989
6927
6730
6866
2091
4863
3092
9878
9868
5955
2230
7451
971
8590
5354
6541
2982
1627
1224
4860
5380
7791
4968
3770
4396
7257
7607
7810
5383
5337
2920
2886
5508
3526
9125
6161
4826
1866
9940
3878
5148
4144
6356
6307
3530
7551
80
2329
3204
1140
8616
7423
6372
4196
2305
4749
183
6262
8346
8333
6857
7942
5742
4643
7765
2996
7776
6228
2338
3429
8366
3319
9337
9288
8650
9048
2007
5513
3705
7974
3846
3035
2984
6366
5671
8218
8321
9178
3828
6529
1727
9350
1537
4832
7325
7235
7156
4216
2503
623
6398
1519
1005
9848
9693
2041
9630
9985
4661
4349
3696
8331
7208
9573
9763
525
8315
5292
9148
1244
8092
8251
9835
2037
13
6202
7609
4271
393
9747
9717
5900
2665
4651
7353
5728
7680
6260
2236
1393
1749
7216
1535
7727
5794
528
9660
8860
8586
8270
5669
5648
555
1962
9111
9068
246
9828
4979
9666
3501
6152
6599
4680
890
6932
1944
5510
6141
5448
9925
5063
2130
8022
6971
8436
2821
394
6714
4069
9894
5188
72
5975
4854
4037
8255
9707
2044
3563
8520
9340
1286
5797
1110
7842
6852
7599
6613
4900
5266
9482
4313
1715
2378
3708
8635
4487
4299
6159
7891
7073
6596
5088
5406
5676
2891
7431
288
1717
2589
2330
3329
3388
4496
6064
3212
847
1756
8725
2418
2042
8409
1257
705
5035
2333
49
5423
6610
992
253
5237
8963
3498
5242
5160
1206
662
3598
9721
3693
4758
8081
3519
3821
582
7025
3418
712
4191
958
6809
4225
2407
4822
7047
2275
7871
9302
2268
7238
4495
1471
1228
7012
4650
6648
3667
2206
1707
2805
5124
2095
4869
9262
1183
1569
3494
8917
9436
4744
1067
5141
5796
3040
8662
1290
2451
3788
8400
6913
8456
2480
9589
1880
6620
5699
3929
5959
1512
8969
6665
8773
2530
4830
9045
8601
4483
9596
1195
3794
7614
8505
8588
8457
1347
2854
5612
7740
1323
4441
9163
5481
5139
5816
2880
4511
1144
8501
2322
8737
1723
9098
6059
8751
1302
7138
4372
4936
1553
3755
3409
5834
8032
8395
4433
82
7962
8499
8480
5249
9254
9928
4042
2496
7576
2279
6685
9117
3492
1418
5854
6041
6834
1566
2278
3222
4548
3119
9308
4060
7494
2786
9876
840
7099
6203
8348
1299
1790
293
3145
2393
259
8936
559
9641
2607
1560
4509
895
4454
4082
5412
1857
3857
3881
8881
6289
7646
6213
9931
8788
7368
5042
3312
3914
7045
2552
9388
6959
7361
6679
6601
1380
7710
548
8882
9378
9344
5726
3928
6981
8310
6583
1653
4584
8380
2331
7509
9001
508
5399
1704
6102
1680
3202
6800
9352
5245
71
8981
6952
22
8137
3750
567
2437
822
2816
1559
6542
2736
2118
3071
7756
4656
7803
381
287
2897
1772
8497
8697
3148
6325
390
8979
6898
8804
2657
2742
3153
9965
5060
6655
8369
3123
4297
1479
1354
931
6969
3230
3262
4419
824
3470
9406
5486
7783
861
8114
7053
1685
2075
9766
9428
9119
8217
1391
6895
4866
9092
3763
7820
7493
5127
9629
476
7719
9523
7681
7071
126
5239
7018
1387
6227
8808
8486
11
2310
7761
8194
6316
8986
966
18
478
4777
8373
6149
1802
7934
2207
5773
9343
9357
6806
829
8389
9705
8850
4707
8384
6450
3404
5331
826
2484
1994
6330
918
9920
7289
4653
5407
9679
5512
2312
7349
9714
6828
593
487
7058
8559
1478
4163
2662
279
5107
9824
221
4916
4268
6359
3810
3961
6510
1485
6579
482
7628
7345
4958
5545
2459
7827
160
9706
6999
2758
6142
8008
6772
6775
1799
1025
6700
5392
5592
8568
831
2630
9576
5547
191
2801
4965
4318
9138
2510
6442
7471
6369
9161
8510
9713
7617
2808
6600
5493
3680
3502
1673
5067
9086
7265
7577
6916
7560
654
2692
9213
5624
295
6186
7450
1351
6479
8043
4029
189
7426
2101
2610
5363
6602
3225
8172
9042
5165
522
9930
3208
7245
4858
7559
568
7984
5138
9201
4712
9577
8891
4066
6873
6224
1118
8354
9375
9057
179
8006
3568
4525
8058
6412
3588
9633
2850
6270
4497
5441
4094
746
4343
4626
4585
5004
4140
9941
2876
4253
123
5543
4646
2311
4798
9207
6034
5581
2852
4992
8928
3793
5562
1572
4320
2908
5322
4175
7363
1491
4161
8581
6189
7430
1771
4595
5720
925
6527
5753
1062
4002
4109
5222
8607
2465
3621
9505
4115
3298
7797
5256
7600
7006
254
4121
550
3111
1337
3497
5997
7396
639
3738
6209
4983
6410
6165
116
8329
9622
6878
9384
5217
304
8492
9360
61
5696
8502
5499
5611
9426
659
9826
1100
4312
777
8178
3574
7691
750
8537
175
3462
6463
2914
3154
743
3317
2571
5958
3216
2224
9137
3107
2096
6339
6319
2318
6029
979
841
8273
2952
5682
5968
1965
1864
8940
1467
9672
5274
6649
4857
4918
9812
8851
3159
9271
5190
7314
4197
4270
3031
2566
7382
7816
176
6220
9315
6082
7380
6008
8097
1811
4492
7641
9040
5998
3313
4411
9756
7176
1394
9877
7602
4236
4877
7040
7800
2688
3787
9269
4878
2319
8677
7497
7689
8477
6692
5305
2776
5961
3897
5205
2791
6841
1024
9964
2253
1266
1432
8747
7805
9548
3761
4207
5182
50
1787
5988
8947
172
4467
8139
8868
2208
4401
2896
3499
9198
7464
299
4849
9722
6197
663
1199
4563
5112
9402
5094
1956
7067
5241
1573
2283
6475
8284
8304
4782
9600
8115
6653
148
7968
7230
3651
5994
5596
2620
2943
9127
2650
5730
1207
3221
7575
4720
5564
4606
7085
8018
1346
5378
9449
8929
7217
3875
6718
7075
1270
4820
887
8830
6683
6517
5446
2274
6980
1109
431
4158
1068
9772
5003
8866
4374
6963
6979
3077
3751
7397
32
7480
4041
9699
2619
3043
4819
5501
4939
6791
5984
5248
4045
2875
6770
1846
9443
8726
8405
9194
5226
5264
3935
7165
6780
4357
8925
9278
9673
2626
7764
3192
4022
894
4239
2521
6950
1777
6776
7526
4021
3865
9966
9193
3747
302
8420
5177
7700
1386
5085
5234
8803
2512
4030
7033
935
1541
8700
3853
2669
1659
1480
1316
9275
3998
8980
6171
8207
2377
6396
1516
5986
4046
8706
8038
5911
4276
5405
932
572
7149
7478
3924
436
2584
7988
9597
5777
8402
474
5670
3203
5820
6062
6548
9150
9675
5807
4281
2772
3065
3301
3769
9608
5630
64
9268
3642
2888
6505
3168
6523
2711
3444
8352
1311
6854
3431
8299
8361
723
8054
9075
1108
8782
1192
7088
6107
1348
2691
8642
1948
7643
2408
6530
1651
8995
3500
2324
3733
1230
2174
5259
3569
5066
8589
9885
9267
6773
7621
9022
7341
872
8524
7315
7356
3463
4388
6812
1996
3862
6256
8443
8503
9922
2063
4346
9667
412
3730
937
4721
9564
9924
696
9260
4071
3650
5909
9471
9228
3752
5347
3314
8205
588
1882
7739
1720
7976
3281
761
3808
1442
8123
2714
4282
923
1269
7670
3615
7082
4622
774
9410
470
2929
8997
3889
690
8592
2518
9362
4909
1755
2185
7706
9677
8489
9
538
3011
1650
8570
7729
2743
3364
2674
6846
492
4471
1761
5021
9028
5422
7022
2443
3927
4618
963
8964
7754
5147
4206
6047
9846
5032
8532
3237
4603
1878
3146
3063
5489
2226
9250
1358
4155
6045
5522
1172
275
7445
1689
8190
4904
3336
8166
2129
4537
6840
1637
638
4840
6871
1937
2666
8529
9166
108
677
5931
7228
6129
5677
7123
8626
1399
4774
8487
6352
5425
346
2756
6031
4247
2296
8676
3561
549
893
4755
9830
5400
4576
3174
8863
8533
1217
1121
79
2527
4417
1886
2132
4674
7541
8071
4244
481
618
4805
2277
1213
6491
886
7193
4923
8511
4692
2877
1027
7386
8610
5500
6132
8884
4776
6726
3057
2242
3108
9080
490
1162
3822
8584
9752
7666
4608
2749
9987
1626
9298
8377
877
467
2981
5690
5651
3941
8250
8707
128
5159
2006
5426
2164
4314
7849
3972
6747
328
9186
597
4816
3416
432
3172
4352
9625
1104
9583
1075
105
4583
2248
8796
8261
499
7030
1336
1419
2959
7175
4913
3869
8199
2719
9325
6593
9969
5861
1449
815
1385
9104
769
7807
8410
7661
6982
1667
8789
9387
3503
5583
56
1438
7448
936
6174
967
3408
3692
9435
291
6923
4865
9820
9533
7678
9849
2833
6757
643
9655
6839
850
7720
5384
6560
6917
9978
1972
4481
1232
6456
4085
5926
4502
3908
1261
5511
6749
5707
9991
5083
8721
8632
9208
8621
2754
1193
5853
653
7533
3182
6544
2080
9286
5201
5495
6241
6435
5691
2022
8048
2384
1114
6443
7465
2183
1065
9720
5535
9559
1999
369
1167
3175
5695
627
1006
5029
8750
8970
1840
9982
6423
8521
7339
9996
8085
8140
201
109
6631
9945
2953
6778
9446
2404
5872
2612
9972
1048
9361
1716
9431
4149
9289
8794
420
5850
1845
9240
7327
3086
4847
3199
1070
8098
8604
9291
9444
3795
2199
7212
9084
7449
892
4701
2933
1781
8475
1763
3905
630
9197
1904
8357
8624
2967
9858
4642
5286
6808
2250
4058
5805
6065
9031
2189
4917
8145
6975
5784
564
2781
48
3970
5747
3084
3495
5346
7401
9070
6028
8090
511
781
3776
1184
6522
7262
1940
6763
1852
1455
9390
9704
5877
9759
2083
9381
7886
1271
8606
356
5941
7366
8988
7362
7823
4697
1588
5389
9990
5197
5650
530
7751
8548
2412
6245
5174
2679
5781
9626
3536
8252
1938
9221
4227
3215
6654
5529
6637
9785
5892
7476
1127
571
6052
240
7766
6540
2539
1367
1464
7435
1274
9572
5666
855
6407
3835
4016
8367
9937
880
8617
2241
7655
8553
1291
9954
196
2581
5420
527
8774
2328
6121
6722
9154
3116
8712
9174
1737
5685
9247
7631
2156
6401
8754
6458
7902
9215
8523
1770
4838
9103
3019
7561
9016
347
2716
8892
2288
4414
7112
9182
3957
534
9542
74
7466
7915
4634
6554
4056
1413
5633
1752
5053
310
9376
5068
4392
2073
6329
4477
5718
3402
6097
3674
6632
1630
6506
435
5556
335
29
5471
7024
7181
4907
4623
3716
7281
2516
3782
7570
9604
1919
3595
395
5844
86
4369
5118
2314
2255
6957
2221
437
9956
2755
1742
2476
8429
7432
1076
1461
8512
3198
4074
9244
8083
8211
7308
7461
1522
5364
322
8738
9448
8890
442
4178
157
7954
1973
5833
727
6158
3249
4105
3700
7110
9366
5184
8446
3293
3757
1490
4835
6337
6664
2446
9181
3686
7299
7535
2632
6054
8701
8339
7369
2381
3024
5287
531
6940
1953
7102
311
6702
5474
3638
5888
4662
3180
3657
3167
9021
3048
5610
9077
1246
3058
144
1664
4648
9750
1126
8711
9784
6336
1396
4482
5655
545
9874
2373
9771
1638
2697
8130
1087
9565
7772
3191
4666
6492
5213
6212
5664
7469
8785
348
3138
1275
4700
1782
5037
7993
4664
9294
6005
8780
2659
9521
3283
541
2077
8131
5284
6076
9853
1344
9825
2948
2999
6003
8323
6340
7420
3834
7582
9545
252
7539
9994
3144
6687
3564
8004
2347
6621
1090
3008
7536
3115
8819
6007
682
3508
9405
5076
8295
8289
9130
8952
8061
3005
8599
9555
9875
7798
114
9522
6935
9765
3242
7543
8011
1872
4742
6100
903
1557
8491
9020
2081
3002
7016
5109
9223
7859
5667
1907
3515
6481
8522
5436
1408
3392
7959
4839
3028
7335
8569
5960
9041
8805
7903
4224
4456
7664
2445
3479
7673
5368
7658
9623
876
7613
9977
5382
823
1942
4073
9537
4592
4364
2488
8342
8515
3060
9728
6557
9425
6037
9498
807
9781
7434
9385
1696
5059
7470
2901
3594
7589
5733
8162
3163
8743
4843
5665
1822
5048
6833
3269
5416
2413
3129
8526
1606
3855
4631
2498
9234
6701
6821
382
3511
532
7703
6127
7452
9246
507
1417
1834
5152
2002
874
3645
999
5125
6570
1810
3973
8416
3445
3819
3684
4139
5636
3448
5281
4127
7312
9506
4194
1586
1116
8865
6131
7970
2050
5824
5034
3910
3522
2747
1411
1719
8091
2846
5168
4334
4375
9973
3229
5952
3619
1332
21
3608
9466
413
3395
8182
8450
7062
8120
8228
4420
523
760
8322
7843
6829
4220
8775
6379
8444
9685
2636
5882
4772
5403
3171
5944
598
5477
7861
6317
871
3029
5879
8696
3045
1339
1425
7932
609
2970
9464
6389
626
4924
805
8580
5134
7514
9231
7221
7254
3748
1437
1709
5070
2790
9412
5120
8893
39
1300
669
2110
9813
7659
2257
631
6848
6870
4809
3114
5653
2104
1695
1997
6314
7881
7291
104
6341
2137
307
326
7967
3130
315
2391
8257
271
836
1910
2895
8841
4177
8722
7101
2777
7028
4649
3461
8219
8672
3812
6696
5178
3735
557
3274
2332
8656
2839
1440
301
1618
5759
9354
5350
89
6717
3754
4629
9336
7585
1468
8002
5652
4698
9185
1374
6670
4238
5548
7166
4644
9661
6803
5843
2093
6507
6520
2818
695
1982
7044
3856
3985
8462
317
2513
3268
2225
3120
466
1922
2928
7309
848
2417
9531
2954
901
7298
2829
3428
7226
8953
7755
1292
3170
7860
215
6661
7701
9516
7640
5439
8364
3061
8087
3288
3523
2270
878
3672
2123
4229
319
5314
1484
8086
9263
7170
1284
3753
1945
9014
7367
1576
1017
6732
2872
8968
9320
842
3647
1112
1166
3027
9811
5885
8594
6651
9205
5516
1893
2383
380
3438
5943
8811
9592
7790
383
4719
5442
1534
2282
8939
3378
8853
6690
5697
1306
2190
5309
5129
913
6756
2470
8547
7532
5954
3630
1010
5156
9726
9569
4181
5357
8372
4526
3256
7328
7477
5919
7510
6138
4897
7232
5077
896
7236
9909
8452
3516
5302
962
3480
5768
3197
7630
7282
9593
6147
959
7943
3937
5149
5750
9404
3384
4493
1674
5852
5942
2087
1793
1160
1873
6048
4019
8702
8294
443
8174
352
3967
2851
6644
8028
9515
5758
8640
1600
3069
8173
8937
9227
374
1632
6781
4211
6671
6113
5194
8912
7141
6559
2811
1931
9942
3932
656
7169
4714
8272
9368
6221
4978
3074
1891
2450
3984
2949
6988
6912
7530
8999
2005
1197
5497
5494
3827
3013
5081
7525
9044
1139
8256
1547
4123
1407
4
3244
2639
3300
9006
4335
7811
3407
2923
3722
5996
2557
1469
9988
1008
1767
5192
3127
6699
6974
9142
581
8089
9414
8307
6393
6591
7438
3039
8976
1236
4385
171
3665
3382
2181
9601
1644
6847
4278
4952
7644
6634
4257
1309
4850
5999
7565
5827
7958
9296
1892
8312
3895
7274
2084
2625
9175
3426
5371
194
4812
3622
9180
2396
2094
464
5142
8852
3315
401
1293
6926
9347
9662
2180
6292
7760
235
8266
7922
4243
1658
3305
8334
3010
6905
3232
2264
846
8042
9036
7840
5561
8302
5054
4785
3541
9926
5541
7468
6536
9953
2162
5631
112
1298
8859
4311
6819
2613
1185
9971
8099
66
7698
7186
2753
7518
709
9923
7405
7157
6563
5756
5577
4040
1208
4668
4174
501
8760
4129
6111
2684
7473
8857
6395
866
353
3477
3399
1967
2986
5526
3648
7885
20
987
9710
5538
3073
4245
162
4379
9300
5410
2056
8935
1949
8556
6514
8813
1812
9108
1365
1038
973
8546
4507
6219
535
5461
2712
9363
1338
2210
6334
5802
8425
8229
1026
8320
580
2822
1439
5527
1977
1813
402
9037
5130
2971
9967
1043
7615
9156
6684
9106
2361
6391
9950
3410
5739
7923
9379
584
3918
4628
5452
1334
1856
731
8045
1758
6896
2114
1420
8771
2760
2927
7620
2053
1272
5973
6801
6371
3338
8138
97
3718
5857
8904
4079
7440
8730
1531
274
7733
2925
5332
1599
2652
2601
8281
1540
8877
926
9612
9911
3518
827
5684
5496
3960
2173
6051
7965
3997
1992
6879
2680
1294
3447
7310
9265
9643
4810
5525
1202
1487
8758
4890
1390
9749
8490
1924
5122
4848
4829
5276
1488
6112
174
3427
6891
1120
1477
3403
6455
1842
3135
6944
806
1825
3796
9282
1862
735
1132
2287
5775
9438
1498
1186
8530
3854
4773
2937
6125
2449
801
8620
6091
1436
3746
1134
6697
5472
1613
8608
4751
930
5763
5218
2845
4614
9689
4750
4821
9776
5580
9487
5349
6858
3325
5780
6738
8906
5468
362
2048
2708
5318
592
8846
7757
130
7200
670
6466
7399
4434
5714
8545
9211
6106
6010
6022
605
2892
5370
8693
4289
3922
3632
4449
4561
7417
9908
372
6255
4436
3759
4523
9377
4740
5329
1262
4604
4097
4775
6170
1092
6020
3188
828
1798
6205
970
7612
2034
2683
1877
1022
7995
9668
4077
6887
8398
1964
8517
1858
2487
503
9433
7723
2212
5470
2475
811
9907
2359
1550
6534
7116
8930
3440
6794
5278
4338
4279
8029
7904
2146
1633
8564
1839
4542
9468
4251
6874
1865
5475
4232
7481
8814
7441
5162
129
2596
9122
6427
685
3939
976
5647
9799
2325
2247
3715
2474
305
2855
972
2631
8867
3847
2011
4261
4064
2344
4882
7083
4166
9510
8832
546
6909
2900
3491
5649
7279
4101
3095
3374
8165
4378
4478
5916
691
5244
5823
4853
9051
1612
1056
3537
8506
8987
8195
7606
8437
1920
5393
5917
8340
6556
1545
786
4044
9539
1168
8447
7008
8485
7487
4543
9986
3478
1635
9715
3934
9391
7705
7545
5498
7084
5573
1686
8077
3559
858
9140
1703
5240
5821
4811
3873
6055
5683
9644
4018
3306
7660
8777
4905
6713
5103
6072
1281
9351
5230
5485
8300
3042
6977
5767
1352
4793
273
7521
5196
1797
4061
8024
1045
5806
5300
9292
2308
2936
1762
3022
6575
4733
2099
9323
2803
3361
7839
5358
7925
5576
882
6695
8717
4007
7547
7793
6765
4049
2627
8269
586
6257
8778
5115
7263
2748
9470
2635
6796
9768
6092
4075
8168
4896
9096
28
190
6304
1958
2232
242
2102
7354
8673
3437
3150
4715
4009
2439
4255
3103
6656
9742
7774
1509
6019
7009
5504
323
1702
7260
8093
6075
7919
2336
3391
859
6528
5594
8643
7722
2750
5440
3206
742
6151
7907
668
7638
1935
3843
814
2429
4212
8631
8133
3181
8185
5179
8212
2656
6842
2302
4399
4057
7745
6920
1783
7143
4272
6040
6817
6175
7131
9457
7174
9461
2751
1995
1237
9745
8507
236
8292
1916
6826
6249
9929
1731
2139
9963
5238
7595
155
152
8193
1896
8279
5985
6418
2304
1096
2375
5431
2973
3330
9032
5136
7095
1734
1592
2860
5419
1473
8800
9692
5408
2337
6688
8636
5058
324
3677
4512
5030
75
6118
9805
3565
3580
7139
1181
9857
1310
2505
2400
7195
7579
7319
3586
8994
1023
634
9327
7275
6208
5743
5713
3362
733
1676
7331
6207
8752
3766
6832
6764
344
6956
5143
3940
4106
1179
340
4001
603
8170
2405
2570
5153
942
3415
4306
3420
6154
4437
2836
624
2145
5537
6380
6310
3818
6996
320
1355
4157
385
3703
5224
8047
27
3165
9546
3273
1500
5123
7732
4052
9153
4039
9481
2216
9488
3147
8629
4160
3200
8309
200
6788
4743
6735
7036
2605
4047
7271
8955
3535
3886
4095
6038
8183
4659
4089
1918
3726
9239
3000
591
6096
6869
5799
3920
745
7833
514
2540
4307
3161
6032
4265
7297
5751
5585
2664
55
7887
2105
9423
8466
981
6222
4480
118
2752
7374
52
9135
7770
6512
7388
3694
9500
1923
3149
9769
3679
1074
9399
6099
9160
2079
65
5247
5437
3554
9729
9293
5024
5432
2100
9341
5873
2039
4598
8374
1601
1174
4852
1431
8146
4070
2140
4055
8595
3842
4031
904
8439
1312
7696
2789
7350
1409
7771
7814
1277
146
7645
6332
8755
2490
4717
4547
3134
4637
4446
4325
3083
5290
810
2397
2769
1225
25
6830
457
9836
9932
8353
7375
6924
4704
7730
5979
7422
1890
2201
8931
8275
6646
475
3768
35
5009
7924
7736
78
4823
3309
6678
2196
3304
9741
2837
9469
1665
3707
1051
3702
749
2273
3538
7990
7278
619
8674
396
6114
98
2219
7202
1349
3779
1046
6191
6616
1194
6746
7608
8124
4855
7517
1453
272
3186
7928
4876
67
8879
3493
5760
117
277
5212
4382
9393
1084
4324
3485
2043
2323
5705
3326
4541
9724
8034
4210
6967
7873
7618
7050
7163
4722
6716
5587
9831
8351
5712
3052
8914
3976
9210
4529
1830
5356
681
3653
2024
8177
4424
3207
4356
300
7913
5315
7826
9886
5731
73
5590
5409
1675
5840
5519
7987
2764
1989
5016
6168
3767
9852
3628
1764
562
6397
5686
5606
6261
1343
7155
6468
4259
1721
9893
688
167
6790
642
7715
1030
4350
816
8471
2705
5598
9226
6850
5293
1826
1751
1403
8579
7516
5661
1031
5706
8000
9901
4305
860
3435
8208
8898
9518
8155
5741
1643
4135
9910
8615
3577
9696
9299
4386
4814
1584
7524
1128
2286
9462
7956
7237
2931
8718
614
3398
9202
6318
7812
465
1792
8298
2643
9475
5161
8740
7205
9280
1766
1565
2964
4690
2148
672
6686
9144
660
8708
113
4572
3365
2495
2675
6925
266
9514
6550
2454
2131
3513
4321
6280
7467
6715
2038
2233
8887
1155
8742
5957
4944
6069
1285
2588
3953
5896
9845
7261
3486
3433
7522
6844
4387
7801
4645
9598
6723
5974
4625
6265
7168
9687
7442
7385
7685
5963
7031
4655
5895
8488
720
3668
136
2587
2780
1507
7192
9712
1009
7725
9842
5755
1646
5057
9888
724
8057
4996
2211
4081
9167
6785
5704
1718
4910
713
5010
358
7210
8031
2671
3439
7687
6025
2410
8276
1655
5385
3850
647
7072
1700
2086
2902
238
5352
1711
7463
2387
8188
9133
1925
5668
2844
2921
8220
5359
2316
3682
9863
2950
3173
6251
4621
2184
8458
3226
1602
7037
698
5613
5839
7483
4138
9413
9047
7831
1243
6865
2427
1669
2478
6561
6629
4841
5509
2843
4789
6436
5980
3799
4893
862
9700
5735
81
5528
6123
2739
8314
5480
1287
7010
7604
7414
4639
5814
8152
9284
2560
1327
9019
747
7404
1175
2029
5783
8762
349
6954
7877
1894
3396
9716
617
5831
8536
3012
3118
8393
3528
8288
3884
741
2604
7332
4693
9439
6614
5654
5507
2141
7935
4624
6691
8468
1556
4921
3697
3166
6074
1974
3359
6911
2194
5553
6
9116
7293
6274
3872
263
1251
2217
2942
2502
7633
4152
7160
4427
440
461
4087
399
5104
610
9594
898
8453
7004
5565
9804
561
2362
3443
3698
6598
6263
5146
2509
7519
8862
1314
4000
940
6071
6098
1329
9348
3238
7941
1460
2983
1785
7074
9038
5478
1883
9936
1258
6333
60
7376
3617
2214
5593
2622
7567
9252
7872
7855
8664
3533
2965
4859
4998
119
7864
7446
2676
4831
9610
7109
3731
2151
8791
9189
832
3912
6594
7511
3587
1529
7204
1983
2088
4671
9432
3656
4620
5663
4409
6609
8822
3652
7634
7029
265
2138
8246
4888
7945
8827
2187
4903
8838
9798
193
6324
6643
3900
5865
5809
184
1774
6088
217
3658
2200
1698
3661
4146
4110
8508
5890
8306
5424
1430
4371
156
8849
5551
234
7853
579
2106
8249
3947
8920
9748
3292
303
7135
5296
5578
924
4792
8628
985
7749
5064
1532
2972
3106
1726
2534
233
4920
8705
3764
9628
9787
6728
3949
7911
9606
4988
7378
2028
1064
438
9421
899
2998
6448
700
4426
2721
428
3412
8356
3669
9212
6966
9807
378
7246
1268
7337
9690
6002
9525
1019
6761
456
366
4300
2651
2121
5692
3691
2618
6078
8678
4359
3549
400
8025
9840
2203
5185
7580
5454
2993
2398
9419
5659
1549
9789
3088
9334
8535
9191
6444
9295
6793
6689
1492
4803
3476
9029
9547
2975
7124
4475
2525
3685
1724
3006
3542
3025
3496
7806
2840
4973
2944
6087
2899
5830
8101
6884
4872
2399
7413
1807
2262
2481
3955
5373
2573
5983
8063
7893
7304
5202
5923
725
7340
3488
7241
6287
9627
42
9935
2703
6669
6060
2420
8027
1984
6569
4170
5744
8982
